Disk Drive: /dev/sda
Sector 0:
0x000: EB 48 90 00 02 8E D7 BC 00 7A BB A0 07 8B CE 8E
0x010: DB 8E C3 F3 A4 EA 5D 00 A0 07 10 00 01 00 00 7A
0x020: 00 00 00 00 00 00 00 00 00 00 07 66 8B 55 08 B4
0x030: 42 C6 06 1F 00 7C 32 C0 66 89 16 22 00 BE 03 02
0x040: 80 00 00 80 36 DE 03 19 00 08 FA 90 90 F6 C2 80
0x050: 75 02 B2 80 EA 59 7C 00 00 31 C0 8E D8 8E D0 BC
0x060: 00 20 FB A0 40 7C 3C FF 74 02 88 C2 52 F6 C2 80
0x070: 74 54 B4 41 BB AA 55 CD 13 5A 52 72 49 81 FB 55
0x080: AA 75 43 A0 41 7C 84 C0 75 05 83 E1 01 74 37 66
0x090: 8B 4C 10 BE 05 7C C6 44 FF 01 66 8B 1E 44 7C C7
0x0A0: 04 10 00 C7 44 02 01 00 66 89 5C 08 C7 44 06 00
0x0B0: 70 66 31 C0 89 44 04 66 89 44 0C B4 42 CD 13 72
0x0C0: 05 BB 00 70 EB 7D B4 08 CD 13 73 0A F6 C2 80 0F
0x0D0: 84 F0 00 E9 8D 00 BE 05 7C C6 44 FF 00 66 31 C0
0x0E0: 88 F0 40 66 89 44 04 31 D2 88 CA C1 E2 02 88 E8
0x0F0: 88 F4 40 89 44 08 31 C0 88 D0 C0 E8 02 66 89 04
0x100: 66 A1 44 7C 66 31 D2 66 F7 34 88 54 0A 66 31 D2
0x110: 66 F7 74 04 88 54 0B 89 44 0C 3B 44 08 7D 3C 8A
0x120: 54 0D C0 E2 06 8A 4C 0A FE C1 08 D1 8A 6C 0C 5A
0x130: 8A 74 0B BB 00 70 8E C3 31 DB B8 01 02 CD 13 72
0x140: 2A 8C C3 8E 06 48 7C 60 1E B9 00 01 8E DB 31 F6
0x150: 31 FF FC F3 A5 1F 61 FF 26 42 7C BE 7F 7D E8 40
0x160: 00 EB 0E BE 84 7D E8 38 00 EB 06 BE 8E 7D E8 30
0x170: 00 BE 93 7D E8 2A 00 EB FE 47 52 55 42 20 00 47
0x180: 65 6F 6D 00 48 61 72 64 20 44 69 73 6B 00 52 65
0x190: 61 64 00 20 45 72 72 6F 72 00 BB 01 00 B4 0E CD
0x1A0: 10 AC 3C 00 75 F4 C3 00 00 00 00 00 00 00 00 00
0x1B0: 00 00 00 00 00 00 00 00 32 F2 49 15 00 00 80 20
0x1C0: 21 00 07 FE FF FF 00 08 00 00 00 A0 C3 03 00 FE
0x1D0: FF FF 0F FE FF FF 00 A8 C3 03 00 80 A1 18 00 FE
0x1E0: FF FF 07 FE FF FF 56 28 65 1C 2B 1D B7 00 00 00
0x1F0: 00 00 00 00 00 00 00 00 00 00 00 00 00 00 55 AA

Sector 63154176:
0x000: 00 00 00 00 00 00 00 00 00 00 00 00 00 00 00 00
0x010: 00 00 00 00 00 00 00 00 00 00 00 00 00 00 00 00
0x020: 00 00 00 00 00 00 00 00 00 00 00 00 00 00 00 00
0x030: 00 00 00 00 00 00 00 00 00 00 00 00 00 00 00 00
0x040: 00 00 00 00 00 00 00 00 00 00 00 00 00 00 00 00
0x050: 00 00 00 00 00 00 00 00 00 00 00 00 00 00 00 00
0x060: 00 00 00 00 00 00 00 00 00 00 00 00 00 00 00 00
0x070: 00 00 00 00 00 00 00 00 00 00 00 00 00 00 00 00
0x080: 00 00 00 00 00 00 00 00 00 00 00 00 00 00 00 00
0x090: 00 00 00 00 00 00 00 00 00 00 00 00 00 00 00 00
0x0A0: 00 00 00 00 00 00 00 00 00 00 00 00 00 00 00 00
0x0B0: 00 00 00 00 00 00 00 00 00 00 00 00 00 00 00 00
0x0C0: 00 00 00 00 00 00 00 00 00 00 00 00 00 00 00 00
0x0D0: 00 00 00 00 00 00 00 00 00 00 00 00 00 00 00 00
0x0E0: 00 00 00 00 00 00 00 00 00 00 00 00 00 00 00 00
0x0F0: 00 00 00 00 00 00 00 00 00 00 00 00 00 00 00 00
0x100: 00 00 00 00 00 00 00 00 00 00 00 00 00 00 00 00
0x110: 00 00 00 00 00 00 00 00 00 00 00 00 00 00 00 00
0x120: 00 00 00 00 00 00 00 00 00 00 00 00 00 00 00 00
0x130: 00 00 00 00 00 00 00 00 00 00 00 00 00 00 00 00
0x140: 00 00 00 00 00 00 00 00 00 00 00 00 00 00 00 00
0x150: 00 00 00 00 00 00 00 00 00 00 00 00 00 00 00 00
0x160: 00 00 00 00 00 00 00 00 00 00 00 00 00 00 00 00
0x170: 00 00 00 00 00 00 00 00 00 00 00 00 00 00 00 00
0x180: 00 00 00 00 00 00 00 00 00 00 00 00 00 00 00 00
0x190: 00 00 00 00 00 00 00 00 00 00 00 00 00 00 00 00
0x1A0: 00 00 00 00 00 00 00 00 00 00 00 00 00 00 00 00
0x1B0: 00 00 00 00 00 00 00 00 00 00 00 00 00 00 00 FE
0x1C0: FF FF 07 FE FF FF 00 08 00 00 00 30 82 07 00 FE
0x1D0: FF FF 05 FE FF FF 00 38 82 07 00 38 82 07 00 00
0x1E0: 00 00 00 00 00 00 00 00 00 00 00 00 00 00 00 00
0x1F0: 00 00 00 00 00 00 00 00 00 00 00 00 00 00 55 AA

Sector 189128704:
0x000: 00 00 00 00 00 00 00 00 00 00 00 00 00 00 00 00
0x010: 00 00 00 00 00 00 00 00 00 00 00 00 00 00 00 00
0x020: 00 00 00 00 00 00 00 00 00 00 00 00 00 00 00 00
0x030: 00 00 00 00 00 00 00 00 00 00 00 00 00 00 00 00
0x040: 00 00 00 00 00 00 00 00 00 00 00 00 00 00 00 00
0x050: 00 00 00 00 00 00 00 00 00 00 00 00 00 00 00 00
0x060: 00 00 00 00 00 00 00 00 00 00 00 00 00 00 00 00
0x070: 00 00 00 00 00 00 00 00 00 00 00 00 00 00 00 00
0x080: 00 00 00 00 00 00 00 00 00 00 00 00 00 00 00 00
0x090: 00 00 00 00 00 00 00 00 00 00 00 00 00 00 00 00
0x0A0: 00 00 00 00 00 00 00 00 00 00 00 00 00 00 00 00
0x0B0: 00 00 00 00 00 00 00 00 00 00 00 00 00 00 00 00
0x0C0: 00 00 00 00 00 00 00 00 00 00 00 00 00 00 00 00
0x0D0: 00 00 00 00 00 00 00 00 00 00 00 00 00 00 00 00
0x0E0: 00 00 00 00 00 00 00 00 00 00 00 00 00 00 00 00
0x0F0: 00 00 00 00 00 00 00 00 00 00 00 00 00 00 00 00
0x100: 00 00 00 00 00 00 00 00 00 00 00 00 00 00 00 00
0x110: 00 00 00 00 00 00 00 00 00 00 00 00 00 00 00 00
0x120: 00 00 00 00 00 00 00 00 00 00 00 00 00 00 00 00
0x130: 00 00 00 00 00 00 00 00 00 00 00 00 00 00 00 00
0x140: 00 00 00 00 00 00 00 00 00 00 00 00 00 00 00 00
0x150: 00 00 00 00 00 00 00 00 00 00 00 00 00 00 00 00
0x160: 00 00 00 00 00 00 00 00 00 00 00 00 00 00 00 00
0x170: 00 00 00 00 00 00 00 00 00 00 00 00 00 00 00 00
0x180: 00 00 00 00 00 00 00 00 00 00 00 00 00 00 00 00
0x190: 00 00 00 00 00 00 00 00 00 00 00 00 00 00 00 00
0x1A0: 00 00 00 00 00 00 00 00 00 00 00 00 00 00 00 00
0x1B0: 00 00 00 00 00 00 00 00 00 00 00 00 00 00 00 FE
0x1C0: FF FF 07 FE FF FF 00 08 00 00 00 30 82 07 00 FE
0x1D0: FF FF 05 FE FF FF DF 9D 04 0F 4B 58 53 09 00 00
0x1E0: 00 00 00 00 00 00 00 00 00 00 00 00 00 00 00 00
0x1F0: 00 00 00 00 00 00 00 00 00 00 00 00 00 00 55 AA

Sector 315114975:
0x000: 00 00 00 00 00 00 00 00 00 00 00 00 00 00 00 00
0x010: 00 00 00 00 00 00 00 00 00 00 00 00 00 00 00 00
0x020: 00 00 00 00 00 00 00 00 00 00 00 00 00 00 00 00
0x030: 00 00 00 00 00 00 00 00 00 00 00 00 00 00 00 00
0x040: 00 00 00 00 00 00 00 00 00 00 00 00 00 00 00 00
0x050: 00 00 00 00 00 00 00 00 00 00 00 00 00 00 00 00
0x060: 00 00 00 00 00 00 00 00 00 00 00 00 00 00 00 00
0x070: 00 00 00 00 00 00 00 00 00 00 00 00 00 00 00 00
0x080: 00 00 00 00 00 00 00 00 00 00 00 00 00 00 00 00
0x090: 00 00 00 00 00 00 00 00 00 00 00 00 00 00 00 00
0x0A0: 00 00 00 00 00 00 00 00 00 00 00 00 00 00 00 00
0x0B0: 00 00 00 00 00 00 00 00 00 00 00 00 00 00 00 00
0x0C0: 00 00 00 00 00 00 00 00 00 00 00 00 00 00 00 00
0x0D0: 00 00 00 00 00 00 00 00 00 00 00 00 00 00 00 00
0x0E0: 00 00 00 00 00 00 00 00 00 00 00 00 00 00 00 00
0x0F0: 00 00 00 00 00 00 00 00 00 00 00 00 00 00 00 00
0x100: 00 00 00 00 00 00 00 00 00 00 00 00 00 00 00 00
0x110: 00 00 00 00 00 00 00 00 00 00 00 00 00 00 00 00
0x120: 00 00 00 00 00 00 00 00 00 00 00 00 00 00 00 00
0x130: 00 00 00 00 00 00 00 00 00 00 00 00 00 00 00 00
0x140: 00 00 00 00 00 00 00 00 00 00 00 00 00 00 00 00
0x150: 00 00 00 00 00 00 00 00 00 00 00 00 00 00 00 00
0x160: 00 00 00 00 00 00 00 00 00 00 00 00 00 00 00 00
0x170: 00 00 00 00 00 00 00 00 00 00 00 00 00 00 00 00
0x180: 00 00 00 00 00 00 00 00 00 00 00 00 00 00 00 00
0x190: 00 00 00 00 00 00 00 00 00 00 00 00 00 00 00 00
0x1A0: 00 00 00 00 00 00 00 00 00 00 00 00 00 00 00 00
0x1B0: 00 00 00 00 00 00 00 00 00 00 00 00 00 00 00 FE
0x1C0: FF FF 83 FE FF FF 3F 00 00 00 0C 58 53 09 00 FE
0x1D0: FF FF 05 FE FF FF 2A F6 57 18 9E 1B 46 00 00 00
0x1E0: 00 00 00 00 00 00 00 00 00 00 00 00 00 00 00 00
0x1F0: 00 00 00 00 00 00 00 00 00 00 00 00 00 00 55 AA

Sector 471572010:
0x000: 00 00 00 00 00 00 00 00 00 00 00 00 00 00 00 00
0x010: 00 00 00 00 00 00 00 00 00 00 00 00 00 00 00 00
0x020: 00 00 00 00 00 00 00 00 00 00 00 00 00 00 00 00
0x030: 00 00 00 00 00 00 00 00 00 00 00 00 00 00 00 00
0x040: 00 00 00 00 00 00 00 00 00 00 00 00 00 00 00 00
0x050: 00 00 00 00 00 00 00 00 00 00 00 00 00 00 00 00
0x060: 00 00 00 00 00 00 00 00 00 00 00 00 00 00 00 00
0x070: 00 00 00 00 00 00 00 00 00 00 00 00 00 00 00 00
0x080: 00 00 00 00 00 00 00 00 00 00 00 00 00 00 00 00
0x090: 00 00 00 00 00 00 00 00 00 00 00 00 00 00 00 00
0x0A0: 00 00 00 00 00 00 00 00 00 00 00 00 00 00 00 00
0x0B0: 00 00 00 00 00 00 00 00 00 00 00 00 00 00 00 00
0x0C0: 00 00 00 00 00 00 00 00 00 00 00 00 00 00 00 00
0x0D0: 00 00 00 00 00 00 00 00 00 00 00 00 00 00 00 00
0x0E0: 00 00 00 00 00 00 00 00 00 00 00 00 00 00 00 00
0x0F0: 00 00 00 00 00 00 00 00 00 00 00 00 00 00 00 00
0x100: 00 00 00 00 00 00 00 00 00 00 00 00 00 00 00 00
0x110: 00 00 00 00 00 00 00 00 00 00 00 00 00 00 00 00
0x120: 00 00 00 00 00 00 00 00 00 00 00 00 00 00 00 00
0x130: 00 00 00 00 00 00 00 00 00 00 00 00 00 00 00 00
0x140: 00 00 00 00 00 00 00 00 00 00 00 00 00 00 00 00
0x150: 00 00 00 00 00 00 00 00 00 00 00 00 00 00 00 00
0x160: 00 00 00 00 00 00 00 00 00 00 00 00 00 00 00 00
0x170: 00 00 00 00 00 00 00 00 00 00 00 00 00 00 00 00
0x180: 00 00 00 00 00 00 00 00 00 00 00 00 00 00 00 00
0x190: 00 00 00 00 00 00 00 00 00 00 00 00 00 00 00 00
0x1A0: 00 00 00 00 00 00 00 00 00 00 00 00 00 00 00 00
0x1B0: 00 00 00 00 00 00 00 00 00 00 00 00 00 00 00 FE
0x1C0: FF FF 82 FE FF FF 3F 00 00 00 5F 1B 46 00 00 00
0x1D0: 00 00 00 00 00 00 00 00 00 00 00 00 00 00 00 00
0x1E0: 00 00 00 00 00 00 00 00 00 00 00 00 00 00 00 00
0x1F0: 00 00 00 00 00 00 00 00 00 00 00 00 00 00 55 AA

